0.5
0.78
0.33
0.89
0.98
0.22
0.18
0.13
0.07
0.03
0.04
0.07
-0.01
0.05
0.07
0.07
0.08
0.08
0.08
0.05
0.14
0.11
0.14
0.14
0.15
0.11
0.08
0.22
0.11
0.12
0.08
0.11
0.16
0.09
0.15
0.14
0.07
0.15
0.11
0.08
0.13
0.14
0.08
0.03
0.12
0.11
0.14
0.24
0.12
0.12
-0.01
0.11
0.07
0.12
0
0
0.12
0.2
0.2
0.13
0.03
0.24
0.14
-0.03
0.12
-0.4
-0.79
0.01
0.54
0.29
0.78
0.68
1.22
2.09
0.38
-0.31
0.3
0.73
1.26
-0.65
1.84
-1.19
0.06
-0.27
0.08
0.34
-0.14
0.07
-0.77
-1.53
2.14
0.91
1.37
-0.57
-0.09
1.43
1.07
-0.36
-0.05
1.27
0.15
0.18
0.25
0.2
0.08
-1.35
1.09
0.61
0.75
0.88
0.54
0.21
0.25
0.66
0.9
1.18
0.45
0.45
0.54
0.94
0.24
0.3
0.76
0.3
0.91
0.5
0.53
0.7
0.54
0.68
0.89
0.59
0.49
0.49
0.93
0.38
0.41
0.61
0.67
0.53
0.7
0.64
0.63
0.55
0.56
0.54
0.34
0.5
0.37
0.24
0.47
0.45
0.39
0.46
0.35
0.33
0.42
0.34
0.29
0.26
0.26
0.39
0.38
0.87
1.48
0.99
1.43
0.85
1.64
0.82
1.55
1.36
0.46
2.06
1.09
1.01
0.49
-0.03
3.19
2.61
2.11
1
2.78
0.22
1.28
0.91
2.4
1.99
0.4
2.61
2.64
2.8
1.64
4.21
3.23
3.28
2.81
3.55
1.9
2.62
2.05
0.63
1.34
1.99
0.86
2.54
1.79
1.55
1.33
1.15
1.08
1
1.07
1.53
1.2
0.93
1.3
1.12
1.51
0.17
0.4
1.18
1.49
0.37
0.76
0.22
1.14
1
0.53
0.74
0.66
0.98
0.62
0.74
0.73
0.75
0.61
0.57
0.42
0.52
0.71
0.57
0.47
0.44
0.47
0.47
0.3
0.47
0.55
0.46
0.3
0.39
0.49
0.18
0.45
0.3
0.46
0.39
0.34
0.42
0.24
0.45
0.66
0.14
1.03
0.25
1.1
0.82
0.81
0.36
1.2
0.3
-0.32
2.49
-0.03
0.65
0.35
1.13
2.58
1.66
3.62
0.7
2.11
3.29
2.04
1.61
2.24
2.45
1.96
2.91
2.08
2.8
2.12
2.07
3.49
2.47
2.2
1.84
2.54
2.43
1.66
0.24
2.85
0.22
0.97
1.78
1.39
1.8
1.76
2.2
1.67
1.54
0.98
1.36
0.58
1.47
0.83
0.99
1.54
-0.07
0.44
0.85
0.72
0.87
0.93
1.08
0.3
0.63
0.6
0.51
0.18
0.76
0.61
0.32
0.6
0.78
0.54
0.36
0.46
0.17
0.24
0.3
0.22
0.43
0.42
0.6
0.3
0.31
0.49
0.42
0.4
0.45
0.42
0.34
0.33
0.21
0.49
0.39
0.49
0.3
0.35
0.34
0.61
0.42
0.83
1.13
1.27
0.68
0.53
0.7
0.52
-0.67
1.13
0.59
0.72
1.08
0.78
1.47
2.09
1.91
-0.02
0.92
2.74
0.91
1.75
1.94
3.76
1.18
2.09
0.07
0.03
3.12
1.05
3.78
3.14
2.51
4.13
3.33
3.17
3.06
2.43
1.26
1.54
-0.26
0.68
1.99
0.85
2.09
1.4
0.87
1.52
1.45
1.19
1.27
0.87
0.61
0.72
0.71
1.68
1.41
0.49
1.15
0.94
0.09
0.84
0.6
0.72
0.94
0.69
0.42
0.72
0.25
0.54
0.41
0.57
0.77
0.76
0.54
0.35
0.44
0.35
0.53
0.34
0.28
0.37
0.41
0.37
0.31
0.49
0.49
0.15
0.41
0.39
0.37
0.38
0.33
0.4
0.41
0.31
0.31
0.45
0.32
0.25
0.74
0.58
0.69
1.1
1.58
1.11
0.84
1.01
0.28
1.54
0.82
1.69
3.03
1.83
2.29
0.35
3.51
0.15
2.64
2.21
1.2
2.45
4
2.18
0.3
-0.4
0.33
1.8
2.05
2.56
3.33
2.92
3.37
2.3
2.51
3.19
3.2
3.18
1.29
2.03
1.54
1.24
0.95
1.47
1.13
1.51
2.01
0.99
1.08
0.61
0.63
0.8
1.32
1.69
0.57
0.39
1.12
1.67
0.94
1.36
0.6
0.12
0.06
0.91
0.86
0
0.45
0.42
0.28
0.36
0.18
0.3
0.72
0.32
0.46
0.27
0.87
0.45
0.69
0.45
0.74
0.3
0.48
0.17
0.53
0.69
0.24
0.32
0.34
0.47
0.47
0.39
0.26
0.36
0.35
0.3
0.28
0.45
0.85
0.14
0.2
1.46
0.81
1.51
0.3
0.87
1.33
1.08
1.53
0.54
1.51
2.36
1.33
2.36
3.05
0.39
0.78
2.97
1.98
-0.08
0.87
2.69
3.46
0
-1.41
1.09
2.7
1.14
2.04
1.69
2.54
1.82
1.95
3.23
1.57
1.4
2
2.32
2.06
1.48
2.54
2.23
2.3
1.48
0.56
1.88
1.68
1.43
1.94
1.42
1.39
0.41
1.82
1.01
1.33
1.12
0.7
1.3
0.61
0.5
1.18
0.59
-0.14
0.45
0.78
0.55
0.53
0.67
0.51
0.69
0.7
0.59
0.45
0.84
0.66
0.87
0.14
0.39
0.27
0.28
0.32
0.59
0.32
0.79
0.43
0.3
0.52
0.34
0.3
0.18
0.31
0.38
0.24
0.33
0.3
0.24
0.28
0.4
0.45
0.34
0.14
1.34
0.54
1.43
0.71
1.33
0.97
1.71
1.02
1.14
2.53
1.97
1.95
1.66
2.24
1.51
1.92
1.9
-0.45
0.2
3.05
3.08
0.47
0.81
1.83
2.16
1.79
3.99
2.83
2.5
2.74
3.85
2.48
1.92
1.73
2.07
2.63
1.44
1.63
2.53
1.35
0.62
1.55
1.93
1.79
1.54
1.46
2.34
1.76
1.69
1.28
1.56
1.06
1.5
0.92
1.69
0.54
1.79
1.04
0.69
0.82
0.72
0.53
0.36
1.07
0.57
0.44
0.84
0.63
0.39
0.77
0.97
0.55
0.57
0.26
0.18
0.66
0.39
0.32
0.92
0.56
0.49
0.39
0.29
0.55
0.39
0.43
0.42
0.4
0.39
0.54
0.49
0.18
0.52
0.24
0.3
0.24
0.33
0.42
0.72
0.24
1
1.18
0.72
0.54
1.47
0.15
1.97
1.35
2.64
1.05
2.08
1.33
2.09
1.47
2.62
0.45
2.78
1.9
1.06
2.91
0.61
0.91
1.69
2.58
2.72
2.72
2.53
2.27
2.32
1.75
2.91
1.76
2.13
1.33
0.13
1.28
1.56
0.26
2
1.18
1.57
2.42
0.61
2.8
1.83
1.6
1.02
1.25
1.24
1.01
0.52
-0.18
1.2
0.99
1.24
2.08
0.44
0.43
1.44
1.28
1
0.79
0.27
0.34
0.87
0.54
0.55
0.64
0.56
0.63
0.39
0.23
0.66
0.58
0.86
0.28
0.54
0.36
0.41
0.34
0.3
0.55
0.77
0.38
0.31
0.45
0.33
0.56
0.21
0.51
0.52
0.34
0.43
0.58
0.18
0.33
0.28
0.52
0.21
0.32
0.39
0.94
0.26
0.94
1.53
2.03
0.97
2.32
2.09
0.72
1.15
0.74
2.16
-0.11
1.76
2.11
1.09
2.16
2.57
0.02
0.44
3.07
2.36
3.32
2.56
-0.34
0.18
-0.69
1.79
1.11
1.96
2.43
2.4
1.9
1.3
2.12
1.83
2.47
1.61
3.01
0.93
1.33
1.92
1.03
0.99
1.14
0.65
0.95
1.22
0.76
1.32
0.78
1.14
1.21
1.36
1.6
0.98
0.67
-0.07
0.36
0.98
1.28
0.43
0.78
0.72
1.21
0.42
0.91
0.17
0.72
0.6
0.81
0.53
0.18
0.49
0.67
0.68
0.66
0.43
0.39
0.4
0.23
0.41
0.35
0.43
0.6
0.35
0.46
0.36
0.58
0.45
0.53
0.3
0.39
0.49
0.34
0.29
0.51
0.02
0.89
0.66
0.95
0.97
1.97
1.07
2.07
-0.04
3.01
2.32
1.31
1.63
2.7
2.23
0.74
1.2
2.82
1.1
2.58
2.81
0.7
3.16
2.67
3.57
2.54
2.51
2.75
0.97
1.99
1.51
0.79
0.49
0.54
0.67
0.29
1.28
0.73
0.72
1.35
0.28
1.82
1.41
3.3
2.11
1.28
1.26
1.64
1.28
1.21
1.22
1.21
0.78
0.66
1.06
1.47
0.73
0.6
0.56
0.8
0.9
0.71
0.99
0.76
0.92
0.39
0.97
1
0.39
0.69
0.67
0.59
0.4
0.38
0.72
0.52
0.71
0.35
0.6
0.48
0.25
0.49
0.54
0.46
0.38
0.22
0.45
0.34
0.33
0.19
0.48
0.24
0.43
0.36
0.26
0.31
0.35
0.39
0.33
0.4
0.11
0.23
0.78
0.77
0.93
0.73
0.9
1.84
0.45
3.18
1.52
1.24
1.41
0.91
1.72
0.43
1.2
1.99
2.6
1.56
1.81
2.63
-0.02
1.33
1.7
3.15
2.03
2.8
3.94
2.64
2.58
3.71
2.85
1.81
3.65
2.51
2.54
2.53
2.55
1.63
1.54
2.54
2.93
2.3
2.41
1.25
1.24
1.03
2.02
1.66
1.13
1.3
1.2
0.72
0.48
1.59
1.2
1.61
1.48
0.25
0.84
0.9
0.66
1
0.82
0.32
0.46
0.45
0.53
0.88
0.39
0.58
0.66
0.55
0.49
0.28
0.78
0.84
0.78
0.61
0.2
0.68
0.48
0.28
0.56
0.46
0.51
0.38
0.33
0.56
0.3
0.57
0.61
0.33
0.24
0.56
0.39
0.36
0.39
0.37
0.63
1.31
0.99
0.85
0.87
1.5
0.87
1.51
0.83
2.06
0.63
2.74
-0.18
0.74
0.6
0.71
1.88
0.41
3.24
0.1
2.36
2.02
2.74
1.76
1.82
0.51
0.99
2.22
0.87
2.19
1.83
-0.42
0.76
0.74
0.61
-0.55
0.6
-0.01
2.6
1.25
2.34
0.72
1.26
1.36
0.78
1.35
0.82
1.58
0.82
1.69
1.69
0.74
0.75
0.99
0.46
1.02
1.26
1.78
-0.32
-0.03
1.26
1.01
0.49
1.09
0.83
0.72
1.17
0.76
0.41
0.68
0.58
0.49
0.24
0.4
0.66
0.33
0.75
0.45
0.64
0.84
0.37
0.5
0.38
0.36
0.51
0.56
0.43
0.3
0.57
0.27
0.36
0.35